-40.67524719238281
-12.07573413848877
-16.11956787109375
-11.26002311706543
0.43378734588623047
-13.584980010986328
-3.3732523918151855
-8.672436714172363
-12.392047882080078
0.5052790641784668
-11.613423347473145
-8.881707191467285
-5.9011640548706055
-2.9093594551086426
-8.291443824768066
-11.25387191772461
-2.6777634620666504
-5.600825309753418
-2.8451218605041504
-2.6777279376983643
0.08300065994262695
-2.6287691593170166
-10.629230499267578
-8.045388221740723
-8.143240928649902
-13.728063583374023
-8.312271118164062
10.94084644317627
-5.285223007202148
-2.6312785148620605
-13.30215072631836
-5.345674514770508
-2.682298183441162
-2.632452964782715
-8.009506225585938
-5.3736348152160645
0.016548752784729004
-5.363435745239258
-13.415413856506348
0.010582447052001953
-5.244795799255371
-10.526521682739258
-5.274587631225586
-10.584331512451172
-10.637482643127441
-10.700615882873535
-10.765779495239258
-8.117900848388672
0.03468465805053711
-5.384180068969727
-8.109808921813965
-2.7008612155914307
-5.426386833190918
-10.894840240478516
-10.941957473754883
-5.484495162963867
-8.258993148803711
-5.522026062011719
-2.7564311027526855
-11.088593482971191
-8.330252647399902
2.775643825531006
-5.451504707336426
-10.951684951782227
-5.491553783416748
-8.264525413513184
